#time 	 phase 	 fraction
0.000360 	 -180.000000 	 0.653680
0.000360 	 -150.000000 	 0.561659
0.000360 	 -120.000000 	 0.319142
0.000360 	 -90.000000 	 -0.008889
0.000360 	 -60.000000 	 -0.334539
0.000360 	 -30.000000 	 -0.570548
0.000360 	 -0.000000 	 -0.653680
0.000360 	 30.000000 	 -0.561659
0.000360 	 60.000000 	 -0.319142
0.000360 	 90.000000 	 0.008889
0.000360 	 120.000000 	 0.334539
0.000360 	 150.000000 	 0.570548
0.000480 	 -180.000000 	 0.598886
0.000480 	 -150.000000 	 0.506168
0.000480 	 -120.000000 	 0.277823
0.000480 	 -90.000000 	 -0.024964
0.000480 	 -60.000000 	 -0.321062
0.000480 	 -30.000000 	 -0.531132
0.000480 	 -0.000000 	 -0.598886
0.000480 	 30.000000 	 -0.506168
0.000480 	 60.000000 	 -0.277823
0.000480 	 90.000000 	 0.024964
0.000480 	 120.000000 	 0.321062
0.000480 	 150.000000 	 0.531132
0.000600 	 -180.000000 	 0.533705
0.000600 	 -150.000000 	 0.439742
0.000600 	 -120.000000 	 0.227951
0.000600 	 -90.000000 	 -0.044920
0.000600 	 -60.000000 	 -0.305754
0.000600 	 -30.000000 	 -0.484662
0.000600 	 -0.000000 	 -0.533705
0.000600 	 30.000000 	 -0.439742
0.000600 	 60.000000 	 -0.227951
0.000600 	 90.000000 	 0.044920
0.000600 	 120.000000 	 0.305754
0.000600 	 150.000000 	 0.484662
0.000720 	 -180.000000 	 0.460519
0.000720 	 -150.000000 	 0.365591
0.000720 	 -120.000000 	 0.172704
0.000720 	 -90.000000 	 -0.066460
0.000720 	 -60.000000 	 -0.287815
0.000720 	 -30.000000 	 -0.432051
0.000720 	 -0.000000 	 -0.460519
0.000720 	 30.000000 	 -0.365591
0.000720 	 60.000000 	 -0.172704
0.000720 	 90.000000 	 0.066460
0.000720 	 120.000000 	 0.287815
0.000720 	 150.000000 	 0.432051
0.000840 	 -180.000000 	 0.382000
0.000840 	 -150.000000 	 0.287312
0.000840 	 -120.000000 	 0.115640
0.000840 	 -90.000000 	 -0.087019
0.000840 	 -60.000000 	 -0.266360
0.000840 	 -30.000000 	 -0.374331
0.000840 	 -0.000000 	 -0.382000
0.000840 	 30.000000 	 -0.287312
0.000840 	 60.000000 	 -0.115640
0.000840 	 90.000000 	 0.087019
0.000840 	 120.000000 	 0.266360
0.000840 	 150.000000 	 0.374331
0.000960 	 -180.000000 	 0.300984
0.000960 	 -150.000000 	 0.208915
0.000960 	 -120.000000 	 0.060868
0.000960 	 -90.000000 	 -0.103490
0.000960 	 -60.000000 	 -0.240117
0.000960 	 -30.000000 	 -0.312405
0.000960 	 -0.000000 	 -0.300984
0.000960 	 30.000000 	 -0.208915
0.000960 	 60.000000 	 -0.060868
0.000960 	 90.000000 	 0.103490
0.000960 	 120.000000 	 0.240117
0.000960 	 150.000000 	 0.312405
0.001080 	 -180.000000 	 0.221491
0.001080 	 -150.000000 	 0.135391
0.001080 	 -120.000000 	 0.013014
0.001080 	 -90.000000 	 -0.112850
0.001080 	 -60.000000 	 -0.208477
0.001080 	 -30.000000 	 -0.248242
0.001080 	 -0.000000 	 -0.221491
0.001080 	 30.000000 	 -0.135391
0.001080 	 60.000000 	 -0.013014
0.001080 	 90.000000 	 0.112850
0.001080 	 120.000000 	 0.208477
0.001080 	 150.000000 	 0.248242
0.001200 	 -180.000000 	 0.148643
0.001200 	 -150.000000 	 0.072105
0.001200 	 -120.000000 	 -0.023753
0.001200 	 -90.000000 	 -0.113247
0.001200 	 -60.000000 	 -0.172396
0.001200 	 -30.000000 	 -0.185352
0.001200 	 -0.000000 	 -0.148643
0.001200 	 30.000000 	 -0.072105
0.001200 	 60.000000 	 0.023753
0.001200 	 90.000000 	 0.113247
0.001200 	 120.000000 	 0.172396
0.001200 	 150.000000 	 0.185352
0.001320 	 -180.000000 	 0.087433
0.001320 	 -150.000000 	 0.023334
0.001320 	 -120.000000 	 -0.047018
0.001320 	 -90.000000 	 -0.104771
0.001320 	 -60.000000 	 -0.134451
0.001320 	 -30.000000 	 -0.128105
0.001320 	 -0.000000 	 -0.087433
0.001320 	 30.000000 	 -0.023334
0.001320 	 60.000000 	 0.047018
0.001320 	 90.000000 	 0.104771
0.001320 	 120.000000 	 0.134451
0.001320 	 150.000000 	 0.128105
0.001440 	 -180.000000 	 0.041161
0.001440 	 -150.000000 	 -0.009087
0.001440 	 -120.000000 	 -0.056899
0.001440 	 -90.000000 	 -0.089466
0.001440 	 -60.000000 	 -0.098060
0.001440 	 -30.000000 	 -0.080379
0.001440 	 -0.000000 	 -0.041161
0.001440 	 30.000000 	 0.009087
0.001440 	 60.000000 	 0.056899
0.001440 	 90.000000 	 0.089466
0.001440 	 120.000000 	 0.098060
0.001440 	 150.000000 	 0.080379
0.001560 	 -180.000000 	 0.010529
0.001560 	 -150.000000 	 -0.026161
0.001560 	 -120.000000 	 -0.055842
0.001560 	 -90.000000 	 -0.070560
0.001560 	 -60.000000 	 -0.066371
0.001560 	 -30.000000 	 -0.044398
0.001560 	 -0.000000 	 -0.010529
0.001560 	 30.000000 	 0.026161
0.001560 	 60.000000 	 0.055842
0.001560 	 90.000000 	 0.070560
0.001560 	 120.000000 	 0.066371
0.001560 	 150.000000 	 0.044398
0.001740 	 -180.000000 	 -0.010379
0.001740 	 -150.000000 	 -0.030248
0.001740 	 -120.000000 	 -0.042012
0.001740 	 -90.000000 	 -0.042519
0.001740 	 -60.000000 	 -0.031633
0.001740 	 -30.000000 	 -0.012271
0.001740 	 -0.000000 	 0.010379
0.001740 	 30.000000 	 0.030248
0.001740 	 60.000000 	 0.042012
0.001740 	 90.000000 	 0.042519
0.001740 	 120.000000 	 0.031633
0.001740 	 150.000000 	 0.012271
0.002040 	 -180.000000 	 -0.007854
0.002040 	 -150.000000 	 -0.012743
0.002040 	 -120.000000 	 -0.014217
0.002040 	 -90.000000 	 -0.011882
0.002040 	 -60.000000 	 -0.006364
0.002040 	 -30.000000 	 0.000860
0.002040 	 -0.000000 	 0.007854
0.002040 	 30.000000 	 0.012743
0.002040 	 60.000000 	 0.014217
0.002040 	 90.000000 	 0.011882
0.002040 	 120.000000 	 0.006364
0.002040 	 150.000000 	 -0.000860
0.002340 	 -180.000000 	 0.002171
0.002340 	 -150.000000 	 0.001005
0.002340 	 -120.000000 	 -0.000430
0.002340 	 -90.000000 	 -0.001750
0.002340 	 -60.000000 	 -0.002601
0.002340 	 -30.000000 	 -0.002755
0.002340 	 -0.000000 	 -0.002171
0.002340 	 30.000000 	 -0.001005
0.002340 	 60.000000 	 0.000430
0.002340 	 90.000000 	 0.001750
0.002340 	 120.000000 	 0.002601
0.002340 	 150.000000 	 0.002755
0.002640 	 -180.000000 	 0.004247
0.002640 	 -150.000000 	 0.003660
0.002640 	 -120.000000 	 0.002092
0.002640 	 -90.000000 	 -0.000037
0.002640 	 -60.000000 	 -0.002155
0.002640 	 -30.000000 	 -0.003696
0.002640 	 -0.000000 	 -0.004247
0.002640 	 30.000000 	 -0.003660
0.002640 	 60.000000 	 -0.002092
0.002640 	 90.000000 	 0.000037
0.002640 	 120.000000 	 0.002155
0.002640 	 150.000000 	 0.003696
0.002940 	 -180.000000 	 0.001957
0.002940 	 -150.000000 	 0.001860
0.002940 	 -120.000000 	 0.001265
0.002940 	 -90.000000 	 0.000331
0.002940 	 -60.000000 	 -0.000692
0.002940 	 -30.000000 	 -0.001529
0.002940 	 -0.000000 	 -0.001957
0.002940 	 30.000000 	 -0.001860
0.002940 	 60.000000 	 -0.001265
0.002940 	 90.000000 	 -0.000331
0.002940 	 120.000000 	 0.000692
0.002940 	 150.000000 	 0.001529
0.003240 	 -180.000000 	 -0.000157
0.003240 	 -150.000000 	 0.000103
0.003240 	 -120.000000 	 0.000335
0.003240 	 -90.000000 	 0.000478
0.003240 	 -60.000000 	 0.000492
0.003240 	 -30.000000 	 0.000375
0.003240 	 -0.000000 	 0.000157
0.003240 	 30.000000 	 -0.000103
0.003240 	 60.000000 	 -0.000335
0.003240 	 90.000000 	 -0.000478
0.003240 	 120.000000 	 -0.000492
0.003240 	 150.000000 	 -0.000375
0.003940 	 -180.000000 	 -0.000697
0.003940 	 -150.000000 	 -0.000596
0.003940 	 -120.000000 	 -0.000335
0.003940 	 -90.000000 	 0.000016
0.003940 	 -60.000000 	 0.000362
0.003940 	 -30.000000 	 0.000611
0.003940 	 -0.000000 	 0.000697
0.003940 	 30.000000 	 0.000596
0.003940 	 60.000000 	 0.000335
0.003940 	 90.000000 	 -0.000016
0.003940 	 120.000000 	 -0.000362
0.003940 	 150.000000 	 -0.000611
0.004640 	 -180.000000 	 0.000114
0.004640 	 -150.000000 	 0.000047
0.004640 	 -120.000000 	 -0.000033
0.004640 	 -90.000000 	 -0.000104
0.004640 	 -60.000000 	 -0.000147
0.004640 	 -30.000000 	 -0.000151
0.004640 	 -0.000000 	 -0.000114
0.004640 	 30.000000 	 -0.000047
0.004640 	 60.000000 	 0.000033
0.004640 	 90.000000 	 0.000104
0.004640 	 120.000000 	 0.000147
0.004640 	 150.000000 	 0.000151
